@ Beta_solvent_removed_mod_p1_avo_1.9_20000_p.out Unitcell_volume: 2768.56   Density: 1.18166   ASA_A^2: 0 ASA_m^2/cm^3: 0 ASA_m^2/g: 0 NASA_A^2: 31.0801 NASA_m^2/cm^3: 112.261 NASA_m^2/g: 95.0029
Number_of_channels: 0 Channel_surface_area_A^2: 
Number_of_pockets: 6 Pocket_surface_area_A^2: 8.17982  7.13139  0  8.36318  0.00561723  7.40012  
