@ Beta_solvent_removed_mod_p1_avo_1.325_20000_p.out Unitcell_volume: 2768.56   Density: 1.18166   ASA_A^2: 243.064 ASA_m^2/cm^3: 877.946 ASA_m^2/g: 742.977 NASA_A^2: 0.0036645 NASA_m^2/cm^3: 0.0132361 NASA_m^2/g: 0.0112013
Number_of_channels: 2 Channel_surface_area_A^2: 115.563  127.501  
Number_of_pockets: 2 Pocket_surface_area_A^2: 0.0036645  0  
