@ Beta_solvent_removed_mod_p1_avo_1.0_20000_p.out Unitcell_volume: 2768.56   Density: 1.18166   ASA_A^2: 370.464 ASA_m^2/cm^3: 1338.11 ASA_m^2/g: 1132.4 NASA_A^2: 1.16801 NASA_m^2/cm^3: 4.21885 NASA_m^2/g: 3.57027
Number_of_channels: 2 Channel_surface_area_A^2: 182.492  187.973  
Number_of_pockets: 4 Pocket_surface_area_A^2: 0.316051  0.288568  0.293148  0.270246  
